Detailed solution trace (one move per line)
alpha=1.0, beta=1.0
step	from	to	edge_dist	city_gold_total	taken_here	carry_before	carry_after	move_cost	cumulative_cost	delivered_total_so_far
1	0	25	0.576842	474.015912	0.000000	0.000000	0.000000	0.576842	0.576842	0.000000
2	25	42	0.195539	916.095833	916.095833	0.000000	916.095833	0.195539	0.772381	0.000000
3	42	25	0.195539	474.015912	474.015912	916.095833	1390.111745	179.327708	180.100089	0.000000
4	25	0	0.576842	0.000000	0.000000	1390.111745	0.000000	802.452076	982.552165	1390.111745
5	0	28	0.080083	521.151730	0.000000	0.000000	0.000000	0.080083	982.632248	1390.111745
6	28	47	0.169007	829.959953	0.000000	0.000000	0.000000	0.169007	982.801255	1390.111745
7	47	18	0.230949	482.821134	0.000000	0.000000	0.000000	0.230949	983.032204	1390.111745
8	18	37	0.207099	281.952550	281.952550	0.000000	281.952550	0.207099	983.239303	1390.111745
9	37	4	0.182853	416.391595	416.391595	281.952550	698.344145	51.738748	1034.978050	1390.111745
10	4	18	0.025383	482.821134	482.821134	698.344145	1181.165278	17.751768	1052.729818	1390.111745
11	18	47	0.230949	829.959953	0.000000	1181.165278	1181.165278	273.020255	1325.750073	1390.111745
12	47	28	0.169007	521.151730	0.000000	1181.165278	1181.165278	199.793850	1525.543923	1390.111745
13	28	0	0.080083	0.000000	0.000000	1181.165278	0.000000	94.671184	1620.215108	2571.277023
14	0	1	0.409325	584.513871	0.000000	0.000000	0.000000	0.409325	1620.624432	2571.277023
15	1	50	0.050037	952.946496	0.000000	0.000000	0.000000	0.050037	1620.674470	2571.277023
16	50	11	0.203144	171.422376	171.422376	0.000000	171.422376	0.203144	1620.877614	2571.277023
17	11	50	0.203144	952.946496	952.946496	171.422376	1124.368871	35.026592	1655.904206	2571.277023
18	50	1	0.050037	584.513871	584.513871	1124.368871	1708.882742	56.310615	1712.214821	2571.277023
19	1	0	0.409325	0.000000	0.000000	1708.882742	0.000000	699.897025	2412.111846	4280.159765
20	0	51	0.524350	291.626920	0.000000	0.000000	0.000000	0.524350	2412.636197	4280.159765
21	51	5	0.113175	42.572560	42.572560	0.000000	42.572560	0.113175	2412.749372	4280.159765
22	5	51	0.113175	291.626920	291.626920	42.572560	334.199480	4.931333	2417.680705	4280.159765
23	51	0	0.524350	0.000000	0.000000	334.199480	0.000000	175.761983	2593.442688	4614.359245
24	0	30	0.170865	22.590468	0.000000	0.000000	0.000000	0.170865	2593.613554	4614.359245
25	30	33	0.199654	141.108840	0.000000	0.000000	0.000000	0.199654	2593.813207	4614.359245
26	33	59	0.347446	891.785589	891.785589	0.000000	891.785589	0.347446	2594.160653	4614.359245
27	59	33	0.347446	141.108840	141.108840	891.785589	1032.894429	310.194979	2904.355632	4614.359245
28	33	30	0.199654	22.590468	22.590468	1032.894429	1055.484897	206.420704	3110.776336	4614.359245
29	30	0	0.170865	0.000000	0.000000	1055.484897	0.000000	180.516720	3291.293057	5669.844142
30	0	30	0.170865	22.590468	0.000000	0.000000	0.000000	0.170865	3291.463922	5669.844142
31	30	10	0.147078	588.056928	0.000000	0.000000	0.000000	0.147078	3291.611000	5669.844142
32	10	21	0.071560	487.171673	0.000000	0.000000	0.000000	0.071560	3291.682561	5669.844142
33	21	43	0.151134	230.983777	230.983777	0.000000	230.983777	0.151134	3291.833695	5669.844142
34	43	21	0.151134	487.171673	487.171673	230.983777	718.155449	35.060702	3326.894397	5669.844142
35	21	10	0.071560	588.056928	588.056928	718.155449	1306.212377	51.462928	3378.357325	5669.844142
36	10	30	0.147078	22.590468	0.000000	1306.212377	1306.212377	192.262368	3570.619693	5669.844142
37	30	0	0.170865	0.000000	0.000000	1306.212377	0.000000	223.357373	3793.977066	6976.056519
38	0	26	0.330910	267.708687	0.000000	0.000000	0.000000	0.330910	3794.307976	6976.056519
39	26	32	0.188542	896.264611	896.264611	0.000000	896.264611	0.188542	3794.496518	6976.056519
40	32	26	0.188542	267.708687	267.708687	896.264611	1163.973298	169.171910	3963.668428	6976.056519
41	26	0	0.330910	0.000000	0.000000	1163.973298	0.000000	385.501271	4349.169698	8140.029818
42	0	28	0.080083	521.151730	0.000000	0.000000	0.000000	0.080083	4349.249781	8140.029818
43	28	47	0.169007	829.959953	0.000000	0.000000	0.000000	0.169007	4349.418788	8140.029818
44	47	19	0.084429	782.952492	0.000000	0.000000	0.000000	0.084429	4349.503217	8140.029818
45	19	54	0.266881	936.107526	936.107526	0.000000	936.107526	0.266881	4349.770098	8140.029818
46	54	19	0.266881	782.952492	782.952492	936.107526	1719.060019	250.096231	4599.866329	8140.029818
47	19	47	0.084429	829.959953	0.000000	1719.060019	1719.060019	145.223401	4745.089730	8140.029818
48	47	28	0.169007	521.151730	0.000000	1719.060019	1719.060019	290.701665	5035.791394	8140.029818
49	28	0	0.080083	0.000000	0.000000	1719.060019	0.000000	137.747337	5173.538731	9859.089836
50	0	9	0.353097	104.299565	0.000000	0.000000	0.000000	0.353097	5173.891829	9859.089836
51	9	58	0.111736	992.383188	992.383188	0.000000	992.383188	0.111736	5174.003565	9859.089836
52	58	9	0.111736	104.299565	104.299565	992.383188	1096.682753	110.996984	5285.000549	9859.089836
53	9	0	0.353097	0.000000	0.000000	1096.682753	0.000000	387.588810	5672.589358	10955.772589
54	0	28	0.080083	521.151730	0.000000	0.000000	0.000000	0.080083	5672.669441	10955.772589
55	28	57	0.403083	435.661963	0.000000	0.000000	0.000000	0.403083	5673.072524	10955.772589
56	57	49	0.120574	317.821754	317.821754	0.000000	317.821754	0.120574	5673.193098	10955.772589
57	49	57	0.120574	435.661963	435.661963	317.821754	753.483717	38.441676	5711.634774	10955.772589
58	57	28	0.403083	521.151730	0.000000	753.483717	753.483717	304.119259	6015.754033	10955.772589
59	28	0	0.080083	0.000000	0.000000	753.483717	0.000000	60.421219	6076.175252	11709.256306
60	0	17	0.312017	958.600654	0.000000	0.000000	0.000000	0.312017	6076.487269	11709.256306
61	17	13	0.145695	581.480079	0.000000	0.000000	0.000000	0.145695	6076.632965	11709.256306
62	13	8	0.090114	145.379665	145.379665	0.000000	145.379665	0.090114	6076.723079	11709.256306
63	8	13	0.090114	581.480079	0.000000	145.379665	145.379665	13.190899	6089.913978	11709.256306
64	13	17	0.145695	958.600654	958.600654	145.379665	1103.980319	21.326811	6111.240788	11709.256306
65	17	0	0.312017	0.000000	0.000000	1103.980319	0.000000	344.773135	6456.013923	12813.236625
66	0	52	0.353190	515.542072	515.542072	0.000000	515.542072	0.353190	6456.367114	12813.236625
67	52	0	0.353190	0.000000	0.000000	515.542072	0.000000	182.437673	6638.804787	13328.778697
68	0	17	0.312017	958.600654	0.000000	0.000000	0.000000	0.312017	6639.116804	13328.778697
69	17	23	0.128489	937.888629	0.000000	0.000000	0.000000	0.128489	6639.245293	13328.778697
70	23	7	0.082830	330.531351	330.531351	0.000000	330.531351	0.082830	6639.328123	13328.778697
71	7	23	0.082830	937.888629	937.888629	330.531351	1268.419980	27.460581	6666.788704	13328.778697
72	23	17	0.128489	958.600654	0.000000	1268.419980	1268.419980	163.106196	6829.894900	13328.778697
73	17	0	0.312017	0.000000	0.000000	1268.419980	0.000000	396.081178	7225.976078	14597.198677
74	0	28	0.080083	521.151730	0.000000	0.000000	0.000000	0.080083	7226.056160	14597.198677
75	28	31	0.223206	826.465632	826.465632	0.000000	826.465632	0.223206	7226.279367	14597.198677
76	31	28	0.223206	521.151730	0.000000	826.465632	826.465632	184.695598	7410.974965	14597.198677
77	28	0	0.080083	0.000000	0.000000	826.465632	0.000000	66.265820	7477.240785	15423.664309
78	0	39	0.289570	727.267620	727.267620	0.000000	727.267620	0.289570	7477.530355	15423.664309
79	39	0	0.289570	0.000000	0.000000	727.267620	0.000000	210.884548	7688.414903	16150.931929
80	0	30	0.170865	22.590468	0.000000	0.000000	0.000000	0.170865	7688.585769	16150.931929
81	30	10	0.147078	588.056928	0.000000	0.000000	0.000000	0.147078	7688.732847	16150.931929
82	10	12	0.161170	925.194998	925.194998	0.000000	925.194998	0.161170	7688.894017	16150.931929
83	12	10	0.161170	588.056928	0.000000	925.194998	925.194998	149.275092	7838.169109	16150.931929
84	10	30	0.147078	22.590468	0.000000	925.194998	925.194998	136.223039	7974.392148	16150.931929
85	30	0	0.170865	0.000000	0.000000	925.194998	0.000000	158.254684	8132.646832	17076.126927
86	0	28	0.080083	521.151730	0.000000	0.000000	0.000000	0.080083	8132.726915	17076.126927
87	28	24	0.483755	572.156324	572.156324	0.000000	572.156324	0.483755	8133.210670	17076.126927
88	24	28	0.483755	521.151730	0.000000	572.156324	572.156324	277.267421	8410.478092	17076.126927
89	28	0	0.080083	0.000000	0.000000	572.156324	0.000000	45.900001	8456.378093	17648.283251
90	0	28	0.080083	521.151730	0.000000	0.000000	0.000000	0.080083	8456.458176	17648.283251
91	28	27	0.324927	332.237428	0.000000	0.000000	0.000000	0.324927	8456.783103	17648.283251
92	27	6	0.074327	494.496828	494.496828	0.000000	494.496828	0.074327	8456.857430	17648.283251
93	6	27	0.074327	332.237428	332.237428	494.496828	826.734257	36.828649	8493.686079	17648.283251
94	27	28	0.324927	521.151730	0.000000	826.734257	826.734257	268.953405	8762.639484	17648.283251
95	28	0	0.080083	0.000000	0.000000	826.734257	0.000000	66.287332	8828.926816	18475.017508
96	0	28	0.080083	521.151730	0.000000	0.000000	0.000000	0.080083	8829.006898	18475.017508
97	28	45	0.332088	555.297617	555.297617	0.000000	555.297617	0.332088	8829.338986	18475.017508
98	45	28	0.332088	521.151730	0.000000	555.297617	555.297617	184.739612	9014.078598	18475.017508
99	28	0	0.080083	0.000000	0.000000	555.297617	0.000000	44.549908	9058.628506	19030.315125
100	0	17	0.312017	958.600654	0.000000	0.000000	0.000000	0.312017	9058.940523	19030.315125
101	17	13	0.145695	581.480079	581.480079	0.000000	581.480079	0.145695	9059.086218	19030.315125
102	13	17	0.145695	958.600654	0.000000	581.480079	581.480079	84.864537	9143.950755	19030.315125
103	17	0	0.312017	0.000000	0.000000	581.480079	0.000000	181.743945	9325.694700	19611.795204
104	0	30	0.170865	22.590468	0.000000	0.000000	0.000000	0.170865	9325.865566	19611.795204
105	30	36	0.300780	672.567853	672.567853	0.000000	672.567853	0.300780	9326.166345	19611.795204
106	36	30	0.300780	22.590468	0.000000	672.567853	672.567853	202.595451	9528.761796	19611.795204
107	30	0	0.170865	0.000000	0.000000	672.567853	0.000000	115.089444	9643.851241	20284.363056
108	0	28	0.080083	521.151730	0.000000	0.000000	0.000000	0.080083	9643.931324	20284.363056
109	28	31	0.223206	826.465632	0.000000	0.000000	0.000000	0.223206	9644.154530	20284.363056
110	31	56	0.318967	45.865709	45.865709	0.000000	45.865709	0.318967	9644.473497	20284.363056
111	56	20	0.285401	83.647270	83.647270	45.865709	129.512979	13.375500	9657.848996	20284.363056
112	20	0	0.338563	0.000000	0.000000	129.512979	0.000000	44.186819	9702.035815	20413.876035
113	0	1	0.409325	584.513871	0.000000	0.000000	0.000000	0.409325	9702.445140	20413.876035
114	1	22	0.110579	491.216287	491.216287	0.000000	491.216287	0.110579	9702.555719	20413.876035
115	22	1	0.110579	584.513871	0.000000	491.216287	491.216287	54.428679	9756.984398	20413.876035
116	1	0	0.409325	0.000000	0.000000	491.216287	0.000000	201.476222	9958.460620	20905.092323
117	0	28	0.080083	521.151730	0.000000	0.000000	0.000000	0.080083	9958.540703	20905.092323
118	28	15	0.490637	591.324576	591.324576	0.000000	591.324576	0.490637	9959.031340	20905.092323
119	15	28	0.490637	521.151730	0.000000	591.324576	591.324576	290.616252	10249.647592	20905.092323
120	28	0	0.080083	0.000000	0.000000	591.324576	0.000000	47.435050	10297.082642	21496.416899
121	0	16	0.217066	23.781067	0.000000	0.000000	0.000000	0.217066	10297.299708	21496.416899
122	16	53	0.157823	256.709125	0.000000	0.000000	0.000000	0.157823	10297.457531	21496.416899
123	53	41	0.379549	108.633205	108.633205	0.000000	108.633205	0.379549	10297.837080	21496.416899
124	41	53	0.379549	256.709125	256.709125	108.633205	365.342330	41.611194	10339.448274	21496.416899
125	53	16	0.157823	23.781067	0.000000	365.342330	365.342330	57.817110	10397.265384	21496.416899
126	16	0	0.217066	0.000000	0.000000	365.342330	0.000000	79.520334	10476.785718	21861.759229
127	0	28	0.080083	521.151730	0.000000	0.000000	0.000000	0.080083	10476.865801	21861.759229
128	28	47	0.169007	829.959953	0.000000	0.000000	0.000000	0.169007	10477.034807	21861.759229
129	47	19	0.084429	782.952492	0.000000	0.000000	0.000000	0.084429	10477.119237	21861.759229
130	19	44	0.181084	38.375144	38.375144	0.000000	38.375144	0.181084	10477.300321	21861.759229
131	44	19	0.181084	782.952492	0.000000	38.375144	38.375144	7.130200	10484.430521	21861.759229
132	19	47	0.084429	829.959953	0.000000	38.375144	38.375144	3.324414	10487.754935	21861.759229
133	47	28	0.169007	521.151730	0.000000	38.375144	38.375144	6.654663	10494.409598	21861.759229
134	28	0	0.080083	0.000000	0.000000	38.375144	0.000000	3.153274	10497.562873	21900.134373
135	0	48	0.434889	808.443221	808.443221	0.000000	808.443221	0.434889	10497.997762	21900.134373
136	48	0	0.434889	0.000000	0.000000	808.443221	0.000000	352.017861	10850.015622	22708.577593
137	0	30	0.170865	22.590468	0.000000	0.000000	0.000000	0.170865	10850.186488	22708.577593
138	30	33	0.199654	141.108840	0.000000	0.000000	0.000000	0.199654	10850.386141	22708.577593
139	33	55	0.144975	165.443210	165.443210	0.000000	165.443210	0.144975	10850.531117	22708.577593
140	55	33	0.144975	141.108840	0.000000	165.443210	165.443210	24.130138	10874.661255	22708.577593
141	33	30	0.199654	22.590468	0.000000	165.443210	165.443210	33.230980	10907.892234	22708.577593
142	30	0	0.170865	0.000000	0.000000	165.443210	0.000000	28.439387	10936.331621	22874.020803
143	0	28	0.080083	521.151730	0.000000	0.000000	0.000000	0.080083	10936.411704	22874.020803
144	28	47	0.169007	829.959953	0.000000	0.000000	0.000000	0.169007	10936.580710	22874.020803
145	47	46	0.288189	371.551362	371.551362	0.000000	371.551362	0.288189	10936.868900	22874.020803
146	46	47	0.288189	829.959953	0.000000	371.551362	371.551362	107.365379	11044.234279	22874.020803
147	47	28	0.169007	521.151730	521.151730	371.551362	892.703092	62.963676	11107.197954	22874.020803
148	28	0	0.080083	0.000000	0.000000	892.703092	0.000000	71.570305	11178.768260	23766.723895
149	0	16	0.217066	23.781067	0.000000	0.000000	0.000000	0.217066	11178.985325	23766.723895
150	16	29	0.316396	439.472549	439.472549	0.000000	439.472549	0.316396	11179.301722	23766.723895
151	29	16	0.316396	23.781067	23.781067	439.472549	463.253616	139.363821	11318.665543	23766.723895
152	16	0	0.217066	0.000000	0.000000	463.253616	0.000000	100.773510	11419.439053	24229.977511
153	0	34	0.473431	554.482107	554.482107	0.000000	554.482107	0.473431	11419.912483	24229.977511
154	34	0	0.473431	0.000000	0.000000	554.482107	0.000000	262.982263	11682.894746	24784.459618
155	0	28	0.080083	521.151730	0.000000	0.000000	0.000000	0.080083	11682.974829	24784.459618
156	28	47	0.169007	829.959953	0.000000	0.000000	0.000000	0.169007	11683.143836	24784.459618
157	47	35	0.238183	109.467165	109.467165	0.000000	109.467165	0.238183	11683.382019	24784.459618
158	35	47	0.238183	829.959953	829.959953	109.467165	939.427119	26.311412	11709.693431	24784.459618
159	47	28	0.169007	521.151730	0.000000	939.427119	939.427119	158.938482	11868.631913	24784.459618
160	28	0	0.080083	0.000000	0.000000	939.427119	0.000000	75.312099	11943.944013	25723.886737
161	0	26	0.330910	267.708687	0.000000	0.000000	0.000000	0.330910	11944.274923	25723.886737
162	26	3	0.123926	85.359877	85.359877	0.000000	85.359877	0.123926	11944.398848	25723.886737
163	3	26	0.123926	267.708687	0.000000	85.359877	85.359877	10.702198	11955.101046	25723.886737
164	26	0	0.330910	0.000000	0.000000	85.359877	0.000000	28.577344	11983.678390	25809.246614
165	0	17	0.312017	958.600654	0.000000	0.000000	0.000000	0.312017	11983.990407	25809.246614
166	17	40	0.291518	768.878844	768.878844	0.000000	768.878844	0.291518	11984.281925	25809.246614
167	40	17	0.291518	958.600654	0.000000	768.878844	768.878844	224.433757	12208.715683	25809.246614
168	17	0	0.312017	0.000000	0.000000	768.878844	0.000000	240.215629	12448.931312	26578.125458
169	0	14	0.391181	347.522935	347.522935	0.000000	347.522935	0.391181	12449.322493	26578.125458
170	14	0	0.391181	0.000000	0.000000	347.522935	0.000000	136.335595	12585.658088	26925.648393
171	0	38	0.262337	659.763212	659.763212	0.000000	659.763212	0.262337	12585.920424	26925.648393
172	38	0	0.262337	0.000000	0.000000	659.763212	0.000000	173.342378	12759.262802	27585.411605
173	0	28	0.080083	521.151730	0.000000	0.000000	0.000000	0.080083	12759.342885	27585.411605
174	28	47	0.169007	829.959953	0.000000	0.000000	0.000000	0.169007	12759.511892	27585.411605
175	47	2	0.402799	650.196755	650.196755	0.000000	650.196755	0.402799	12759.914691	27585.411605
176	2	47	0.402799	829.959953	0.000000	650.196755	650.196755	262.301571	13022.216262	27585.411605
177	47	28	0.169007	521.151730	0.000000	650.196755	650.196755	110.056613	13132.272876	27585.411605
178	28	0	0.080083	0.000000	0.000000	650.196755	0.000000	52.149703	13184.422579	28235.608360
